000000219486
000000014392
000000108430
000000022649
000000557355
000000299100
000000517938
000000053725
000000033061
000000101594
000000523002
000000037186
000000152586
000000014733
000000348636
000000098927
000000399276
000000362659
000000117585
000000124004
000000207013
000000296318
000000556744
000000168294
000000333630
000000541131
000000116202
000000242605
000000152418
000000255480
000000297906
000000304093
000000096450
000000012182
000000211683
000000016290
000000060041
000000480812
000000105291
000000483767
000000207264
000000195951
000000548391
000000113150
000000337095
000000208861
000000472250
000000555921
000000254150
000000382261
000000488955
000000522569
000000253143
000000218811
000000034013
000000140092
000000563717
000000551717
000000272735
000000443410
000000087479
000000468017
000000493610
000000225959
000000500027
000000445200
000000151739
000000217379
000000142557
000000179875
000000296176
000000552065
000000431917
000000126678
000000562645
000000169849
000000476872
000000271235
000000170425
000000572283
000000473516
000000257071
000000407743
000000229262
000000439326
000000107783
000000018699
000000431342
000000007666
000000341052
000000190927
000000038033
000000521899
000000460567
000000026702
000000237833
000000325957
000000154107
000000299103
000000429207
000000225093
000000230436
000000545507
000000442875
000000479608
000000245842
000000416723
000000293570
000000424326
000000332463
000000559633
000000519429
000000039733
000000470381
000000360637
000000092342
000000269550
000000327299
000000487649
000000213412
000000452545
000000274012
000000156720
000000325587
000000263265
000000093894
000000159970
000000468457
000000477494
000000106641
000000491611
000000030932
000000091933
000000184703
000000139775
000000380780
000000018402
000000379966
000000279444
000000369697
000000412516
000000341232
000000547768
000000033341
000000105363
000000171632
000000306191
000000161470
000000513098
000000258495
000000560797
000000064155
000000335090
000000037030
000000575933
000000409111
000000235906
000000268266
000000196047
000000418949
000000017076
000000413871
000000411191
000000170045
000000416705
000000112584
000000131611
000000231845
000000161098
000000291784
000000171201
000000122584
000000476553
000000156152
000000180667
000000190515
000000237286
000000260942
000000252567
000000552028
000000422877
000000476517
000000415629
000000499920
000000525501
000000562192
000000550277
000000538633
000000241623
000000487349
000000496636
000000203108
000000266777
000000371587
000000459234
000000145945
000000226501
000000085674
000000526403
000000456420
000000436162
000000010909
000000274466
000000152529
000000295376
000000311914
000000358391
000000131909
000000317439
000000029403
000000207513
000000204217
000000290570
000000571331
000000349414
000000510063
000000086435
000000080231
000000350690
000000461558
000000253538
000000276597
000000233815
000000037846
000000049478
000000203599
000000134098
000000382443
000000306595
000000439827
000000320643
000000178222
000000227689
000000253098
000000488149
000000143511
000000240405
000000037244
000000351380
000000302026
000000333140
000000116334
000000341645
000000095805
000000021075
000000389157
000000133517
000000481880
000000476426
000000439859
000000478351
000000217929
000000354741
000000497819
000000227061
000000387329
000000240952
000000580753
000000241645
000000107205
000000518156
000000419026
000000222871
000000334383
000000087956
000000254025
000000096573
000000540164
000000230867
000000029538
000000464150
000000067018
000000106244
000000255866
000000137514
000000097010
000000234994
000000155884
000000352410
000000274633
000000296511
000000111907
000000197458
000000257894
000000272804
000000064948
000000271747
000000015485
000000273961
000000039778
000000127704
000000264741
000000529532
000000266041
000000422025
000000108463
000000226400
000000479120
000000547186
000000166948
000000254822
000000186856
000000014175
000000132644
000000073892
000000373439
000000538423
000000152942
000000182050
000000299207
000000332545
000000200023
000000351528
000000110560
000000581507
000000023163
000000386062
000000242955
000000546825
000000437303
000000380859
000000281207
000000455750
000000484734
000000510061
000000564443
000000447345
000000493459
000000484973
000000236951
000000515717
000000427560
000000501959
000000529507
000000179896
000000333099
000000028889
000000052938
000000341865
000000128750
000000166630
000000034816
000000508811
000000096107
000000166201
000000440575
000000412464
000000547130
000000353622
000000456286
000000564570
000000184555
000000098903
000000348734
000000355881
000000034777
000000059971
000000383508
000000563575
000000534915
000000317904
000000487486
000000569375
000000509608
000000095211
000000516782
000000338954
000000248187
000000122194
000000220735
000000229643
000000403295
000000339189
000000324409
000000545165
000000065252
000000155993
000000236671
000000418257
000000244283
000000153235
000000331551
000000053587
000000028287
000000577926
000000304590
000000535276
000000165999
000000385962
000000159240
000000385903
000000576422
000000543830
000000187181
000000085584
000000276057
000000282711
000000400202
000000318204
000000544408
000000281846
000000061076
000000098328
000000136445
000000314026
000000220897
000000003134
000000430122
000000298468
000000298540
000000312826
000000111830
000000311149
000000569495
000000366655
000000538223
000000352313
000000504178
000000052155
000000409628
000000225127
000000452102
000000485099
000000559992
000000313705
000000196312
000000130030
000000166711
000000333807
000000067657
000000296046
000000114728
000000152431
000000321418
000000034691
000000157424
000000213090
000000137140
000000533281
000000095822
000000226091
000000152502
000000475768
000000144915
000000155355
000000289995
000000518834
000000148901
000000360302
000000026900
000000519784
000000365527
000000123841
000000303549
000000066537
000000300008
000000181554
000000022924
000000513796
000000259877
000000495156
000000362658
000000386876
000000542391
000000564187
000000281227
000000054996
000000332025
000000246231
000000124796
000000372740
000000389108
000000140613
000000223777
000000570066
000000347736
000000264598
000000008830
000000562174
000000176085
000000052790
000000166463
000000516865
000000055942
000000154090
000000440204
000000168845
000000295185
000000056972
000000005213
000000283881
000000396337
000000303986
000000004678
000000189323
000000024081
000000213780
000000538957
000000119444
000000446459
000000554564
000000452382
000000297812
000000188762
000000218956
000000060132
000000185965
000000335735
000000311092
000000251511
000000400999
000000564283
000000577744
000000366139
000000124647
000000401926
000000172051
000000512731
000000312233
000000510245
000000113408
000000474465
000000057794
000000288403
000000021553
000000212633
000000441695
000000300147
000000371302
000000120792
000000045031
000000454916
000000448623
000000459767
000000015085
000000231387
000000548172
000000139294
000000269033
000000429160
000000473320
000000049819
000000493235
000000537304
000000314554
000000377195
000000559474
000000203655
000000365018
000000418595
000000500822
000000074466
000000099108
000000566201
000000268516
000000196811
000000510175
000000209180
000000061867
000000271388
000000024912
000000239985
000000318605
000000315062
000000203601
000000139309
000000571149
000000187420
000000406404
000000043561
000000075723
000000361341
000000464965
000000365772
000000276768
000000480556
000000342025
000000048943
000000461722
000000539509
000000195002
000000128203
000000292009
000000270025
000000222453
000000559773
000000252069
000000193386
000000411009
000000288964
000000464598
000000484281
000000387349
000000329703
000000255797
000000123867
000000479586
000000078361
000000327726
000000215457
000000333855
000000456699
000000480914
000000520434
000000377183
000000461522
000000418675
000000317102
000000056132
000000033871
000000284540
000000551194
000000140522
000000244421
000000386633
000000514939
000000580842
000000008292
000000198139
000000223184
000000218862
000000330403
000000173864
000000529665
000000170326
000000182895
000000433123
000000563488
000000270179
000000579814
000000396825
000000361275
000000481553
000000537152
000000156776
000000209386
000000261346
000000287396
000000303590
000000099129
000000144438
000000426602
000000463875
000000103613
000000532571
000000412755
000000253183
000000143416
000000432297
000000011305
000000286469
000000425136
000000528938
000000521355
000000491249
000000222351
000000393907
000000179990
000000108091
000000332202
000000561842
000000379261
000000137890
000000053569
000000287366
000000027394
000000181551
000000128939
000000237685
000000294233
000000306630
000000441856
000000272162
000000186317
000000466719
000000111280
000000497873
000000552066
000000351719
000000540006
000000577847
000000147386
000000207634
000000387696
000000467875
000000281101
000000029138
000000272357
000000017975
000000193892
000000472502
000000241046
000000110794
000000286010
000000552320
000000201059
000000208712
000000387153
000000495651
000000202431
000000360367
000000350425
000000404849
000000272480
000000579716
000000256859
000000429638
000000544983
000000290113
000000155049
000000537335
000000143143
000000044820
000000408101
000000428113
000000483976
000000463211
000000172537
000000272405
000000162828
000000119456
000000365662
000000147779
000000345988
000000080084
000000317851
000000378203
000000440034
000000514556
000000269168
000000144772
000000155839
000000283970
000000511650
000000466557
000000058867
000000332925
000000057689
000000102550
000000006178
000000028480
000000526008
000000084680
000000352821
000000450509
000000498972
000000440449
000000223450
000000142666
000000538580
000000423091
000000003817
000000440461
000000295563
000000434867
000000532216
000000250292
000000427221
000000017817
000000274170
000000103851
000000256787
000000496302
000000304165
000000278731
000000437872
000000564851
000000388248
000000090196
000000388893
000000379522
000000350468
000000204612
000000115465
000000161818
000000419790
000000408363
000000411941
000000195163
000000035506
000000158140
000000434976
000000241422
000000005184
000000120674
000000153267
000000426252
000000187280
000000405632
000000175101
000000519369
000000356569
000000090683
000000190227
000000526576
000000049904
000000190097
000000133315
000000019901
000000053740
000000504115
000000401225
000000441674
000000338474
000000113806
000000078059
000000275929
000000209356
000000184210
000000233744
000000264628
000000286425
000000434634
000000290354
000000043734
000000130473
000000402569
000000497838
000000075213
000000220347
000000291410
000000513978
000000409382
000000170908
000000491985
000000189193
000000425187
000000128402
000000186338
000000021686
000000247840
000000192104
000000541147
000000567049
000000350794
000000342765
000000072096
000000050945
000000384029
000000465269
000000122916
000000210175
000000344024
000000306581
000000109774
000000361233
000000250129
000000374559
000000323178
000000475006
000000035241
000000287474
000000555427
000000401910
000000061382
000000517603
000000049522
000000292905
000000064089
000000318837
000000299495
000000109537
000000573149
000000504293
000000014472
000000185276
000000503249
000000522074
000000314822
000000298773
000000377423
000000189737
000000178871
000000542537
000000209893
000000478331
000000523220
000000214732
000000284195
000000427965
000000189780
000000113333
000000123639
000000479208
000000314943
000000249139
000000126408
000000390933
000000580678
000000476431
000000438102
000000569535
000000453972
000000316741
000000091188
000000287190
000000187349
000000417455
000000187336
000000206806
000000388841
000000169638
000000410366
000000368309
000000301730
000000334473
000000252208
000000465893
000000184778
000000261073
000000124620
000000462110
000000288627
000000238232
000000039811
000000546274
000000517772
000000452566
000000247360
000000316041
000000094793
000000173598
000000267290
000000016383
000000096618
000000263989
000000166421
000000542640
000000490001
000000489588
000000522978
000000502279
000000478652
000000335650
000000199618
000000291280
000000343621
000000137385
000000261787
000000023570
000000528984
000000176363
000000071055
000000077102
000000431169
000000113756
000000183715
000000188613
000000324953
000000411646
000000317788
000000176098
000000380597
000000117742
000000546091
000000291597
000000337353
000000425577
000000497698
000000012809
000000070588
000000012459
000000115846
000000532411
000000255614
000000477005
000000557344
000000469317
000000496678
000000228749
000000280560
000000275374
000000478175
000000385139
000000147073
000000403743
000000426422
000000581887
000000404283
000000423537
000000358265
000000400264
000000581495
000000358055
000000525876
000000559267
000000509000
000000233341
000000327047
000000402531
000000376443
000000071608
000000209755
000000382172
000000290183
000000102987
000000497160
000000140438
000000366591
000000036783
000000480734
000000423890
000000283913
000000218716
000000453870
000000091394
000000026488
000000534208
000000571978
000000325668
000000155102
000000524725
000000103231
000000480443
000000506552
000000518351
000000186550
000000365282
000000052461
000000157084
000000456082
000000271122
000000435576
000000447689
000000063974
000000559012
000000129843
000000383407
000000328427
000000024699
000000037708
000000139230
000000526247
000000355756
000000551795
000000423113
000000214133
000000391300
000000350009
000000081315
000000387318
000000076873
000000543622
000000120592
000000188505
000000326995
000000184945
000000048530
000000085398
000000245075
000000311667
000000525272
000000418634
000000069705
000000521572
000000134835
000000493811
000000319962
000000008053
000000500952
000000025470
000000281725
000000462878
000000334775
000000482671
000000097667
000000332692
000000538872
000000313809
000000429558
000000496613
000000187253
000000490505
000000436141
000000493576
000000353577
000000528643
000000273904
000000092244
000000518645
000000492885
000000118715
000000114068
000000009833
000000483425
000000481113
000000167993
000000079696
000000428229
000000117922
000000018158
000000227958
000000418927
000000418620
000000189257
000000231889
000000249251
000000479360
000000118356
000000100439
000000306511
000000418799
000000409303
000000070365
000000580390
000000145544
000000411561
000000568554
000000018473
000000370325
000000124327
000000325080
000000414397
000000509255
000000420658
000000504559
000000581458
000000518610
000000152588
000000088988
000000109164
000000075620
000000544107
000000139211
000000250711
000000503799
000000163385
000000300333
000000557200
000000566049
000000238933
000000270034
000000327820
000000522285
000000472648
000000459959
000000373348
000000576820
000000180504
000000449078
000000511075
000000473623
000000074080
000000351298
000000166848
000000541025
000000349376
000000467686
000000264032
000000172923
000000502202
000000308034
000000294688
000000231037
000000330916
000000475674
000000272481
000000392010
000000078674
000000096492
000000218215
000000536034
000000310042
000000203559
000000250249
000000360595
000000294053
000000458166
000000035945
000000133559
000000001295
000000177977
000000074110
000000172690
000000356788
000000022193
000000449152
000000191533
000000437981
000000100064
000000034491
000000042439
000000174071
000000110369
000000184201
000000538368
000000184613
000000432417
000000370059
000000176466
000000350670
000000506971
000000398613
000000436627
000000195351
000000360175
000000106073
000000416933
000000533864
000000524881
000000465163
000000287488
000000285686
000000192953
000000380528
000000333746
000000358136
000000017449
000000208648
000000539242
000000042576
000000070965
000000014676
000000104930
000000566849
000000447907
000000570560
000000201862
000000205108
000000445113
000000236000
000000277203
000000298793
000000580972
000000129006
000000177258
000000129379
000000262756
000000053088
000000114954
000000256945
000000337705
000000046852
000000053697
000000051525
000000484302
000000389856
000000301837
000000450478
000000407346
000000064425
000000040838
000000213911
000000437738
000000446271
000000337158
000000388611
000000049673
000000341116
000000230484
000000073536
000000151156
000000121526
000000469743
000000538637
000000514294
000000553747
000000221820
000000350514
000000142263
000000410226
000000192660
000000259960
000000017921
000000218454
000000291680
000000407150
000000039844
000000144252
000000238905
000000360128
000000421364
000000433787
000000408515
000000072463
000000497050
000000227202
000000318385
000000340318
000000419344
000000225104
000000437509
000000404468
000000067178
000000227903
000000160483
000000020904
000000173491
000000184929
000000465323
000000281976
000000567454
000000302555
000000516945
000000409674
000000516261
000000130065
000000358081
000000273158
000000542488
000000481886
000000124992
000000058547
000000500833
000000013283
000000293453
000000136718
000000502644
000000068238
000000044520
000000459056
000000536067
000000514990
000000232598
000000456790
000000237903
000000326716
000000049756
000000326058
000000413805
000000342660
000000309797
000000554136
000000318088
000000106216
000000050568
000000278101
000000486789
000000486162
000000571361
000000012696
000000011360
000000183266
000000433928
000000301755
000000351783
000000099902
000000402451
000000183372
000000190689
000000178526
000000002849
000000463576
000000022926
000000558835
000000028239
000000185467
000000501758
000000025860
000000249668
000000353644
000000231280
000000373199
000000527520
000000383841
000000513319
000000523617
000000084324
000000313724
000000064744
000000190125
000000206255
000000571246
000000231668
000000393909
000000290221
000000302657
000000229127
000000239119
000000502916
000000429366
000000540099
000000051025
000000306467
000000174722
000000352118
000000121619
000000454886
000000328352
000000565600
000000377611
000000027810
000000133247
000000550392
000000337886
000000560598
000000509217
000000458804
000000260595
000000358652
000000034277
000000349099
000000355801
000000535514
000000216218
000000378905
000000279803
000000414108
000000242210
000000244122
000000108221
000000532895
000000063912
000000501116
000000482589
000000483446
000000406205
000000236897
000000259824
000000029793
000000265280
000000225360
000000234717
000000058796
000000091821
000000395170
000000128299
000000188077
000000075131
000000375180
000000311238
000000429913
000000040428
000000218941
000000230507
000000203843
000000173448
000000564366
000000426806
000000068094
000000509895
000000139276
000000530313
000000367881
000000022954
000000044341
000000385779
000000501442
000000384338
000000267691
000000345576
000000348874
000000015810
000000473973
000000175202
000000271595
000000357041
000000508531
000000125273
000000088719
000000186777
000000279961
000000349709
000000003870
000000487456
000000365214
000000233871
000000360705
000000265008
000000221948
000000239444
000000023908
000000046071
000000061262
000000401561
000000561390
000000385317
000000157295
000000280114
000000101310
000000171850
000000303897
000000350077
000000054295
000000406375
000000553576
000000548561
000000017312
000000512892
000000401140
000000258352
000000178577
000000050462
000000564781
000000185373
000000347419
000000126699
000000386279
000000575012
000000494819
000000377111
000000440133
000000168234
000000089174
000000005802
000000312783
000000353561
000000126973
000000559203
000000463013
000000399165
000000066388
000000156026
000000420146
000000085404
000000167748
000000148568
000000029680
000000256334
000000433563
000000512463
000000180042
000000376046
000000253474
000000003461
000000432212
000000485387
000000068359
000000101877
000000038190
000000251181
000000132724
000000302110
000000431820
000000254884
000000353505
000000277722
000000139163
000000098641
000000107753
000000330513
000000311776
000000010014
000000568148
000000140460
000000168834
000000259029
000000305191
000000561128
000000493846
000000445002
000000132099
000000495160
000000199422
000000068121
000000073837
000000114886
000000481130
000000475906
000000366510
000000146723
000000268058
000000173776
000000401766
000000567754
000000468844
000000035508
000000053898
000000299946
000000497875
000000034387
000000330993
000000327032
000000099219
000000572036
000000480929
000000426086
000000160443
000000286981
000000235916
000000078068
000000066360
000000067936
000000246156
000000189095
000000404507
000000515367
000000248091
000000543315
000000356071
000000275339
000000102529
000000273147
000000470592
000000504790
000000494217
000000254929
000000559073
000000295250
000000129864
000000303388
000000509679
000000554037
000000237920
000000266469
000000430660
000000209610
000000322082
000000372246
000000256877
000000121014
000000179681
000000402973
000000230655
000000005916
000000281688
000000525675
000000263828
000000205672
000000330243
000000279588
000000148830
000000396204
000000430805
000000383805
000000375490
000000071726
000000027792
000000544371
000000083602
000000230070
000000365563
000000548608
000000410779
000000024343
000000489906
000000309137
000000480661
000000545670
000000053169
000000349559
000000524450
000000283757
000000576905
000000437522
000000189301
000000026746
000000363654
000000398757
000000508722
000000463989
000000307435
000000395225
000000160152
000000146163
000000265173
000000512351
000000384641
000000355688
000000213349
000000546211
000000074354
000000016805
000000505754
000000547807
000000102766
000000126097
000000461027
000000418929
000000524665
000000019182
000000247146
000000013175
000000205676
000000170227
000000325362
000000395022
000000050263
000000186923
000000369681
000000580933
000000447787
000000215135
000000517160
000000354326
000000224364
000000110484
000000367929
000000260116
000000451706
000000364796
000000571263
000000534173
000000019247
000000380305
000000033182
000000166674
000000567423
000000388422
000000114535
000000308507
000000338989
000000329355
000000533462
000000268750
000000243072
000000186844
000000243896
000000257255
000000560119
000000438346
000000271604
000000143530
000000082346
000000558528
000000206697
000000492882
000000108748
000000275413
000000216357
000000287875
000000498765
000000180966
000000290608
000000027890
000000453933
000000184999
000000319522
000000063114
000000576810
000000144530
000000358586
000000227451
000000325022
000000124349
000000334171
000000482951
000000360869
000000339244
000000499731
000000174496
000000402833
000000005142
000000166328
000000060458
000000183519
000000505924
000000417573
000000328403
000000511781
000000398073
000000095096
000000379285
000000502223
000000009045
000000516043
000000293723
000000094199
000000530293
000000011801
000000133994
000000451620
000000042553
000000570968
000000083808
000000017451
000000290332
000000494434
000000102906
000000437073
000000546232
000000074465
000000575643
000000391351
000000543740
000000415589
000000083508
000000273416
000000519035
000000381988
000000484564
000000042975
000000320667
000000278890
000000272430
000000031482
000000026719
000000559403
000000462819
000000010560
000000387492
000000136664
000000315045
000000212817
000000522479
000000224907
000000543203
000000074217
000000032703
000000525012
000000549635
000000328270
000000459208
000000555311
000000055571
000000394240
000000386204
000000027662
000000544701
000000176415
000000272255
000000340228
000000436183
000000243818
000000250076
000000345389
000000031465
000000277292
000000080295
000000337365
000000443916
000000118745
000000002881
000000430989
000000364341
000000191609
000000311331
000000518664
000000511853
000000336541
000000187432
000000078550
000000465941
000000132953
000000356733
000000402729
000000226071
000000558372
000000408978
000000112849
000000149938
000000514749
000000230168
000000328346
000000330082
000000331667
000000352127
000000526347
000000526592
000000112096
000000154062
000000145280
000000160420
000000278398
000000540135
000000383438
000000370149
000000286645
000000571779
000000354115
000000472925
000000107959
000000140322
000000276835
000000139120
000000420914
000000012524
000000156511
000000026506
000000518158
000000561599
000000506701
000000402862
000000437464
000000412947
000000113415
000000265186
000000528275
000000452050
000000184892
000000005260
000000136922
000000488154
000000572233
000000413922
000000297979
000000490184
000000338452
000000361746
000000122020
000000109819
000000375801
000000057172
000000110078
000000510997
000000004719
000000282707
000000442587
000000402671
000000290415
000000216637
000000523297
000000064455
000000274602
000000241301
000000298225
000000302789
000000398140
000000170406
000000202609
000000304905
000000226820
000000474168
000000082565
000000393064
000000539682
000000074390
000000125524
000000377760
000000104563
000000151231
000000257815
000000485896
000000344181
000000302200
000000484562
000000128837
000000359947
000000445055
000000374418
000000042366
000000530731
000000062716
000000486233
000000257044
000000076014
000000049187
000000288576
000000203478
000000109608
000000376246
000000314627
000000286492
000000311641
000000512013
000000250903
000000026725
000000293244
000000303788
000000087456
000000175693
000000241342
000000075726
000000540831
000000366421
000000131450
000000548559
000000557047
000000003528
000000213897
000000393858
000000104001
000000127093
000000461634
000000254853
000000552646
000000384673
000000087481
000000224010
000000152764
000000274541
000000121612
000000073022
000000488203
000000205875
000000117601
000000026292
000000425269
000000137283
000000456611
000000210981
000000389777
000000274715
000000441532
000000292432
000000087219
000000018316
000000270759
000000068713
000000387202
000000489700
000000260257
000000297442
000000558966
000000064309
000000306535
000000457871
000000558052
000000106820
000000237944
000000006753
000000501263
000000396775
000000467763
000000343608
000000125755
000000556956
000000134386
000000319899
000000206783
000000543696
000000063079
000000269394
000000167169
000000370405
000000350553
000000483135
000000405718
000000152525
000000566175
000000514071
000000173680
000000576247
000000229875
000000400045
000000512967
000000334194
000000484273
000000151115
000000008186
000000413923
000000399829
000000198162
000000490168
000000296755
000000322595
000000295195
000000104594
000000524595
000000443492
000000273560
000000221532
000000379944
000000367641
000000198880
000000250106
000000316571
000000113166
000000179687
000000464303
000000035272
000000200643
000000467705
000000003124
000000332836
000000108859
000000311408
000000230600
000000178807
000000030235
000000355276
000000014818
000000180197
000000366405
000000439596
000000338091
000000091756
000000277625
000000558291
000000458275
000000093571
000000504487
000000574211
000000363302
000000529590
000000496109
000000287748
000000460918
000000380872
000000377450
000000576030
000000310748
000000530201
000000063556
000000336469
000000327255
000000342766
000000574549
000000316181
000000047189
000000018839
000000277857
000000114175
000000251262
000000156151
000000027190
000000528761
000000022199
000000340532
000000508440
000000482330
000000340218
000000024136
000000285013
000000525179
000000179229
000000406489
000000532482
000000478857
000000443308
000000137304
000000495199
000000132857
000000211690
000000546499
000000087213
000000351297
000000515075
000000450910
000000314729
000000200681
000000457587
000000044732
000000215884
000000369722
000000029041
000000524533
000000371360
000000126288
000000535561
000000405137
000000430597
000000166018
000000202241
000000303627
000000266160
000000003729
000000188965
000000553071
000000347612
000000423008
000000205847
000000063676
000000085670
000000022462
000000175527
000000061389
000000285639
000000554100
000000525869
000000575310
000000188949
000000203466
000000442600
000000300102
000000300024
000000552114
000000572671
000000331196
000000079846
000000109151
000000419627
000000081591
000000461189
000000095243
000000308297
000000579461
000000460652
000000019375
000000087135
000000245874
000000040187
000000024150
000000253217
000000207779
000000404865
000000403482
000000337304
000000379962
000000342702
000000191242
000000163358
000000054955
000000231450
000000288383
000000082228
000000068136
000000263275
000000344669
000000271429
000000186240
000000398661
000000445425
000000242261
000000400926
000000090814
000000294689
000000221776
000000233786
000000453686
000000302470
000000134008
000000345432
000000115422
000000155995
000000008953
000000036488
000000535145
000000387478
000000075319
000000161451
000000013445
000000066144
000000395142
000000431504
000000274629
000000579614
000000545268
000000281599
000000494941
000000467000
000000217779
000000205202
000000529258
000000189701
000000536467
000000529592
000000462599
000000040685
000000177090
000000465489
000000276753
000000536595
000000274496
000000163289
000000378059
000000388873
000000076146
000000047451
000000494711
000000080017
000000023255
000000063588
000000431047
000000254241
000000050817
000000567084
000000111338
000000184431
000000519089
000000307884
000000035052
000000354540
000000149414
000000199354
000000014925
000000165986
000000333664
000000133573
000000217323
000000238292
000000193271
000000506483
000000524695
000000256921
000000388409
000000073903
000000032932
000000177194
000000449873
000000041505
000000044600
000000137210
000000390366
000000548288
000000561957
000000428161
000000180495
000000553554
000000198506
000000046245
000000128013
000000292169
000000522611
000000236174
000000397518
000000413324
000000525075
000000565264
000000472686
000000264618
000000370273
000000013296
000000525913
000000541837
000000501575
000000319933
000000277507
000000059934
000000413115
000000467746
000000017183
000000125228
000000579602
000000241206
000000111141
000000352187
000000398494
000000409731
000000516175
000000521480
000000258283
000000522252
000000088244
000000519579
000000422044
000000231993
000000027452
000000363433
000000050735
000000460833
000000151214
000000207739
000000572430
000000016758
000000461967
000000228318
000000414111
000000481828
000000253838
000000202275
000000225345
000000268292
000000353398
000000041110
000000537574
000000014428
000000118848
000000132500
000000213314
000000389016
000000455366
000000272022
000000142668
000000394197
000000096304
000000333277
000000211255
000000510721
000000166828
000000287436
000000286141
000000517464
000000557981
000000568113
