000000415641
000000125746
000000581827
000000005785
000000143921
000000370285
000000037032
000000387792
000000007873
000000451172
000000166713
000000480755
000000540626
000000492321
000000145488
000000136343
000000404088
000000208124
000000137745
000000256285
000000529345
000000216437
000000164094
000000070985
000000266914
000000079445
000000091942
000000557507
000000471073
000000578221
000000501085
000000481828
000000336493
000000531137
000000223476
000000005131
000000544691
000000071713
000000225709
000000326892
000000557339
000000328569
000000344893
000000091857
000000014392
000000204294
000000246318
000000407072
000000500057
000000097661
000000243102
000000198139
000000279674
000000354312
000000343810
000000057593
000000242789
000000258352
000000134290
000000414495
000000561156
000000300169
000000384794
000000448761
000000533545
000000313020
000000171176
000000436972
000000328902
000000447623
000000085160
000000533506
000000114820
000000088868
000000071550
000000517958
000000016119
000000092186
000000024081
000000143263
000000428046
000000327205
000000107974
000000448985
000000369202
000000065247
000000430783
000000525762
000000111319
000000072845
000000047055
000000116968
000000259187
000000386504
000000101969
000000175804
000000485506
000000289147
000000269160
000000378461
000000525932
000000156776
000000282231
000000447688
000000439658
000000561106
000000518351
000000364487
000000449675
000000351002
000000423855
000000191690
000000098943
000000325666
000000514049
000000059367
000000052132
000000435673
000000383580
000000230991
000000411840
000000142847
000000181481
000000422192
000000242605
000000011643
000000241747
000000343284
000000083462
000000062716
000000343551
000000491554
000000177262
000000354003
000000028392
000000487642
000000253691
000000039698
000000198724
000000086234
000000502558
000000038838
000000351191
000000423768
000000205059
000000264797
000000048850
000000195437
000000029456
000000279672
000000113233
000000487496
000000363128
000000181739
000000036006
000000579134
000000045463
000000371714
000000517875
000000399759
000000137281
000000100245
000000229387
000000198557
000000403675
000000171848
000000499135
000000447439
000000074975
000000449291
000000057801
000000201655
000000090237
000000230987
000000030471
000000147236
000000103098
000000193271
000000521355
000000291742
000000532142
000000564332
000000516598
000000084853
000000488789
000000048595
000000446383
000000246736
000000188343
000000017312
000000419228
000000071476
000000131884
000000270035
000000560748
000000344385
000000139512
000000433935
000000359568
000000076978
000000532260
000000309087
000000313888
000000071845
000000330513
000000112671
000000448518
000000294937
000000328449
000000069768
000000540858
000000454776
000000305422
000000382979
000000034283
000000387704
000000115626
000000023731
000000300753
000000159135
000000156943
000000156806
000000042042
000000367096
000000264127
000000375205
000000523166
000000433438
000000466024
000000349059
000000030203
000000176312
000000532793
000000455160
000000249982
000000147068
000000390581
000000194420
000000228552
000000109008
000000366408
000000080520
000000176178
000000146274
000000041669
000000086011
000000403541
000000504968
000000432886
000000272033
000000022270
000000408363
000000092602
000000041588
000000285041
000000273197
000000398494
000000297019
000000528131
000000349133
000000451767
000000194518
000000396326
000000262229
000000086878
000000545324
000000205432
000000021801
000000002964
000000344292
000000012838
000000465047
000000318130
000000361258
000000564217
000000127393
000000581831
000000208386
000000570407
000000014622
000000010337
000000226585
000000017741
000000456908
000000205724
000000448143
000000039403
000000484915
000000142485
000000018396
000000570077
000000549119
000000494795
000000427901
000000457449
000000406948
000000379350
000000367259
000000174028
000000494032
000000471279
000000162977
000000264356
000000003602
000000270135
000000284885
000000017769
000000085803
000000346702
000000207980
000000482957
000000130971
000000483476
000000225174
000000201844
000000147042
000000226308
000000394523
000000135671
000000237835
000000034235
000000545329
000000034973
000000477040
000000560439
000000250771
000000566699
000000521917
000000289354
000000473771
000000118546
000000546307
000000554805
000000335473
000000152389
000000286550
000000309797
000000202008
000000245230
000000174544
000000414891
000000501429
000000442609
000000484324
000000172923
000000097264
000000092188
000000410933
000000236650
000000393634
000000187537
000000349430
000000160893
000000179793
000000168368
000000001408
000000421734
000000102778
000000381908
000000058654
000000331307
000000131450
000000351431
000000529823
000000097330
000000376247
000000073450
000000279837
000000273450
000000542676
000000195911
000000550707
000000386633
000000250599
000000557804
000000455181
000000380472
000000273276
000000235904
000000291038
000000408664
000000119666
000000169502
000000125168
000000348950
000000292181
000000124751
000000128631
000000121839
000000452516
000000098220
000000477867
000000220348
000000272217
000000197609
000000374916
000000458738
000000297168
000000571198
000000492164
000000354220
000000105389
000000562655
000000044244
000000312299
000000462530
000000440074
000000031113
000000565198
000000527625
000000247866
000000139763
000000050753
000000448911
000000318701
000000325208
000000400430
000000293658
000000390137
000000268640
000000524909
000000560158
000000478312
000000171742
000000133115
000000370130
000000083283
000000387696
000000302960
000000182167
000000397628
000000094518
000000349074
000000089616
000000074211
000000164121
000000246298
000000481524
000000548731
000000217886
000000027235
000000558639
000000120360
000000033751
000000423356
000000303241
000000459440
000000482974
000000213399
000000205000
000000471992
000000133739
000000167273
000000553428
000000244613
000000107766
000000152860
000000277524
000000413277
000000439278
000000182416
000000506378
000000352412
000000444800
000000084277
000000523638
000000376279
000000496281
000000399499
000000454690
000000560412
000000355438
000000283355
000000138579
000000050636
000000210769
000000535602
000000509039
000000510871
000000209286
000000469237
000000069350
000000532689
000000272785
000000332625
000000559685
000000020825
000000366931
000000232005
000000304519
000000300629
000000144994
000000296906
000000414479
000000537621
000000061854
000000360871
000000228611
000000371503
000000213863
000000227577
000000567254
000000280377
000000006042
000000542054
000000223755
000000134721
000000335914
000000510587
000000577343
000000221422
000000330481
000000415232
000000572243
000000530124
000000013158
000000385743
000000242169
000000335630
000000495987
000000473541
000000466448
000000377496
000000040056
000000151978
000000520767
000000149305
000000573659
000000465740
000000470955
000000310870
000000244949
000000238933
000000481725
000000119964
000000004979
000000227947
000000100159
000000335660
000000255203
000000569878
000000241347
000000235278
000000162282
000000440646
000000216837
000000358345
000000019783
000000552089
000000481571
000000288236
000000349939
000000054928
000000083773
000000395210
000000389206
000000191585
000000320089
000000529544
000000070854
000000399165
000000362768
000000430260
000000386390
000000411189
000000277243
000000417726
000000424585
000000112011
000000483458
000000314929
000000577843
000000574242
000000150098
000000070380
000000573063
000000434183
000000157480
000000053058
000000005314
000000450684
000000254244
000000197369
000000536169
000000068254
000000452398
000000348006
000000114854
000000290403
000000367619
000000362506
000000251696
000000072126
000000278309
000000335009
000000422956
000000094544
000000082933
000000498436
000000106952
000000281495
000000558804
000000377241
000000015165
000000436627
000000300407
000000000322
000000356569
000000204661
000000469085
000000415429
000000571745
000000045593
000000384362
000000302227
000000284341
000000498721
000000203867
000000004227
000000571168
000000207481
000000273329
000000351914
000000315092
000000285651
000000121143
000000373700
000000467262
000000326161
000000560153
000000428486
000000067985
000000035826
000000012183
000000549201
000000344935
000000432150
000000172094
000000216417
000000180787
000000307148
000000206196
000000335712
000000259683
000000303922
000000400729
000000166200
000000392871
000000192216
000000329258
000000414882
000000257379
000000403940
000000290354
000000144992
000000539439
000000046078
000000003008
000000470426
000000413989
000000474800
000000302555
000000387678
000000330405
000000179968
000000221313
000000210271
000000515421
000000241675
000000113672
000000219196
000000212941
000000297308
000000484619
000000417753
000000277795
000000251798
000000292102
000000109182
000000047194
000000469274
000000089254
000000461644
000000459557
000000294127
000000551823
000000349827
000000120061
000000380248
000000438504
000000019060
000000488327
000000245664
000000265280
000000051322
000000437774
000000387563
000000329217
000000347700
000000567288
000000161762
000000171494
000000160648
000000322395
000000182258
000000163132
000000515878
000000178254
000000314082
000000095667
000000226442
000000570406
000000177680
000000096107
000000365687
000000499122
000000024990
000000180020
000000352738
000000535145
000000076246
000000329490
000000157231
000000131847
000000506552
000000286671
000000140865
000000412289
000000281021
000000222572
000000554541
000000382443
000000579648
000000291179
000000145231
000000500784
000000099341
000000249952
000000232054
000000184761
000000110027
000000323352
000000569401
000000434329
000000154794
000000525075
000000498740
000000108200
000000190991
000000426849
000000158701
000000423310
000000325239
000000149610
000000441577
000000070945
000000273190
000000040737
000000312627
000000574829
000000104422
000000256835
000000311938
000000562253
000000535737
000000252639
000000333379
000000284042
000000004080
000000451234
000000080713
000000324442
000000197270
000000396896
000000321942
000000195797
000000168879
000000076117
000000578492
000000530655
000000295017
000000236897
000000542611
000000346384
000000171885
000000154124
000000473849
000000401838
000000437859
000000204767
000000022194
000000409064
000000027050
000000425187
000000229837
000000249838
000000474084
000000359688
000000270810
000000447170
000000117674
000000511972
000000028314
000000362778
000000036281
000000074001
000000496766
000000027348
000000093836
000000519579
000000406196
000000192095
000000338094
000000494019
000000292538
000000215298
000000467126
000000324603
000000562030
000000311377
000000109774
000000173125
000000282283
000000473634
000000416610
000000375294
000000329957
000000141302
000000344229
000000580408
000000218204
000000556083
000000479620
000000142053
000000334039
000000025506
000000404517
000000353808
000000241905
000000083323
000000524929
000000310020
000000482128
000000297242
000000101904
000000470267
000000210086
000000458282
000000242907
000000009488
000000471273
000000387924
000000366792
000000086147
000000227621
000000081390
000000380191
000000432956
000000407509
000000174176
000000539507
000000491914
000000428460
000000238272
000000135348
000000031016
000000426161
000000085268
000000397786
000000445815
000000022367
000000507830
000000011682
000000323668
000000307194
000000208054
000000318955
000000411559
000000479727
000000443579
000000038232
000000108463
000000168837
000000556152
000000170040
000000357604
000000393362
000000237350
000000438844
000000473260
000000550278
000000557562
000000218196
000000265677
000000184532
000000516596
000000140943
000000070288
000000388881
000000298461
000000309114
000000420825
000000504747
000000138488
000000194598
000000039802
000000487338
000000494217
000000536990
000000405529
000000026162
000000346334
000000027534
000000364618
000000399873
000000327746
000000389228
000000070987
000000121612
000000473500
000000569322
000000468313
000000001168
000000378561
000000176841
000000529120
000000095854
000000177090
000000530216
000000010766
000000445512
000000082338
000000427117
000000145863
000000270179
000000204448
000000322692
000000495419
000000278823
000000099192
000000328730
000000350663
000000466536
000000217596
000000328760
000000317407
000000316320
000000472925
000000453191
000000145262
000000245997
000000456790
000000358982
000000547767
000000528579
000000083958
000000042463
000000244925
000000567751
000000121123
000000067974
000000514071
000000082258
000000182245
000000086825
000000447985
000000328898
000000367725
000000430640
000000544705
000000568062
000000344807
000000550431
000000074603
000000554006
000000536008
000000203621
000000200401
000000367626
000000183233
000000345541
000000570870
000000514674
000000541203
000000581921
000000558602
000000212330
000000529572
000000347507
000000402255
000000453050
000000379585
000000348478
000000513445
000000555871
000000481565
000000010430
000000404226
000000230265
000000003862
000000579213
000000264212
000000253238
000000122135
000000039288
000000237655
000000196484
000000431236
000000551014
000000235110
000000494141
000000114701
000000439392
000000460186
000000021138
000000161451
000000103108
000000469398
000000263770
000000556481
000000056667
000000052747
000000484405
000000456949
000000195903
000000034138
000000450649
000000262704
000000524724
000000556178
000000022987
000000340547
000000129726
000000078112
000000222343
000000537335
000000502338
000000245797
000000249315
000000361778
000000254795
000000003837
000000096628
000000229525
000000188417
000000328216
000000283445
000000281742
000000293086
000000293570
000000028093
000000353398
000000009062
000000445004
000000080172
000000208067
000000030062
000000443693
000000000138
000000230898
000000000382
000000096712
000000247301
000000038276
000000053640
000000220922
000000466583
000000009156
000000374313
000000467579
000000168527
000000527868
000000160414
000000225443
000000011304
000000259172
000000193881
000000045775
000000110484
000000453321
000000569867
000000444659
000000139277
000000314916
000000280267
000000329797
000000166853
000000302003
000000055809
000000293802
000000111680
000000570353
000000494819
000000442103
000000562461
000000154352
000000555654
000000487225
000000294853
000000002258
000000369449
000000093959
000000521800
000000024112
000000202739
000000349709
000000262851
000000478766
000000130120
000000273898
000000249291
000000032375
000000273118
000000554665
000000530964
000000063879
000000439827
000000246069
000000115229
000000180768
000000460033
000000360751
000000362123
000000221187
000000152914
000000396421
000000202273
000000481251
000000552253
000000288662
000000368439
000000261648
000000384700
000000072902
000000400742
000000449347
000000131453
000000090324
000000116677
000000552504
000000490680
000000027764
000000237031
000000552066
000000093883
000000485113
000000552761
000000131351
000000330988
000000337068
000000306879
000000452532
000000360147
000000519573
000000431008
000000135125
000000308089
000000521416
000000233834
000000448863
000000025158
000000089770
000000297191
000000103119
000000544408
000000180606
000000515962
000000180817
000000245481
000000457503
000000548545
000000561403
000000065861
000000135976
000000532227
000000056821
000000487990
000000550237
000000281696
000000235466
000000523639
000000417823
000000329254
000000157675
000000048719
000000262275
000000323766
000000217707
000000326484
000000437173
000000578108
000000290122
000000454514
000000075924
000000154701
000000486318
000000553549
000000046211
000000123053
000000216063
000000226091
000000432912
000000022002
000000557190
000000427835
000000196321
000000334085
000000347982
000000579739
000000135666
000000457796
000000444448
000000078176
000000459799
000000012892
000000475313
000000127377
000000037757
000000253915
000000007035
000000307894
000000491502
000000284150
000000566717
000000338541
000000102432
000000539494
000000130732
000000500718
000000214447
000000046720
000000000113
000000144358
000000251702
000000545550
000000344205
000000087845
000000112342
000000097514
000000362166
000000511392
000000495291
000000157592
000000137992
000000342325
000000457651
000000474246
000000167748
000000469124
000000190115
000000200988
000000439007
000000185957
000000300571
000000259338
000000343734
000000061755
000000517484
000000460575
000000360031
000000478812
000000268737
000000485462
000000054589
000000173068
000000152202
000000063403
000000510020
000000576200
000000245002
000000389777
000000174391
000000162592
000000577583
000000407413
000000194288
000000193863
000000335807
000000073999
000000210002
000000439938
000000145722
000000350309
000000472874
000000291784
000000468885
000000352208
000000564611
000000083476
000000129690
000000072817
000000059046
000000259434
000000450479
000000350825
000000009904
000000282197
000000138248
000000393375
000000534881
000000418070
000000380070
000000092122
000000181453
000000311568
000000110374
000000045058
000000498493
000000286018
000000087354
000000488395
000000360725
000000440298
000000538517
000000164420
000000394208
000000407067
000000132901
000000055303
000000213423
000000430688
000000115511
000000545929
000000442097
000000050462
000000273556
000000497797
000000550355
000000561911
000000507887
000000108548
000000191724
000000267059
000000271441
000000194200
000000558983
000000123282
000000295428
000000047172
000000160302
000000508251
000000071826
000000521452
000000006753
000000263677
000000071629
000000251591
000000548363
000000298545
000000431169
000000431686
000000358017
000000337354
000000110078
000000280133
000000046676
000000333984
000000496264
000000486974
000000059157
000000387121
000000318837
000000164286
000000127810
000000446882
000000477567
000000007782
000000527364
000000459164
000000366421
000000451287
000000202767
000000457249
000000365273
000000324754
000000533293
000000276671
000000066366
000000439871
000000561004
000000350160
000000331777
000000078400
000000128337
000000443101
000000079653
000000422517
000000540765
000000383014
000000283561
000000463788
000000422105
000000527257
000000248468
000000050609
000000490503
000000278673
000000159521
000000258129
000000419017
000000570781
000000060859
000000481454
000000473171
000000283678
000000283734
000000549435
000000207454
000000438349
000000391324
000000429312
000000477958
000000140761
000000098871
000000175212
000000461681
000000457149
000000302089
000000134841
000000182639
000000530945
000000292905
000000391876
000000141447
000000474955
000000059229
000000238355
000000058001
000000575702
000000332025
000000514787
000000316555
000000326325
000000431335
000000111853
000000412873
000000068738
000000038892
000000499393
000000548550
000000423586
000000192932
000000397527
000000459659
000000215436
000000053597
000000327089
000000358523
000000351419
000000394794
000000519853
000000575916
000000289870
000000388352
000000073445
000000190363
000000479008
000000484281
000000218215
000000004947
000000510235
000000484666
000000016523
000000270659
000000188084
000000042513
000000361439
000000181929
000000309084
000000443390
000000175570
000000143661
000000562232
000000469509
000000373645
000000181028
000000286492
000000440273
000000511024
000000384027
000000151756
000000306499
000000285679
000000074032
000000544732
000000474069
000000022174
000000133908
000000157368
000000191477
000000502006
000000366157
000000264699
000000115274
000000408362
000000511349
000000386401
000000067015
000000085086
000000073414
000000031752
000000189280
000000390241
000000497050
000000266932
000000237207
000000077899
000000075647
000000073174
000000316676
000000095518
000000106229
000000304091
000000082252
000000401557
000000559955
000000045128
000000416767
000000319256
000000495726
000000256702
000000479659
000000132552
000000275353
000000285633
000000302219
000000318467
000000552654
000000128938
000000476960
000000219752
000000433200
000000220651
000000237944
000000292792
000000074312
000000155386
000000147829
000000312051
000000116892
000000031666
000000115816
000000484884
000000290153
000000248283
000000454399
000000362026
000000396835
000000214759
000000081595
000000324103
000000177150
000000542165
000000357254
000000267126
000000141232
000000232401
000000210424
000000498204
000000444941
000000203455
000000193578
000000271231
000000213359
000000235591
000000369913
000000037282
000000528108
000000261085
000000460454
000000147073
000000311644
000000537297
000000521619
000000384924
000000173490
000000106722
000000190906
000000371682
000000095950
000000073864
000000088398
000000474245
000000094954
000000315605
000000330531
000000258035
000000028261
000000088155
000000203359
000000238258
000000262848
000000241141
000000135023
000000245523
000000054354
000000414397
000000155873
000000347649
000000063676
000000449681
000000419449
000000433683
000000271500
000000226300
000000187724
000000397167
000000527375
000000580117
000000366184
000000298182
000000034193
000000427395
000000295362
000000405121
000000427770
000000012700
000000505849
000000071310
000000538817
000000439346
000000386694
000000346367
000000069428
000000404046
000000358029
000000036904
000000078035
000000554037
000000550864
000000384110
000000288215
000000497009
000000264618
000000358293
000000561033
000000457017
000000061693
000000142454
000000114717
000000373574
000000187334
000000186342
000000292047
000000326849
000000205949
000000054485
000000195525
000000072354
000000372674
000000031748
000000126936
000000163230
000000069675
000000164698
000000524155
000000145460
000000005713
000000090366
000000103667
000000352869
000000205202
000000395344
000000217247
000000546721
000000111955
000000515376
000000379545
000000241779
000000086399
000000254520
000000471606
000000538604
000000526734
000000399354
000000537968
000000265209
000000566245
000000549377
000000207739
000000462762
000000294679
000000432330
000000449859
000000262935
000000139258
000000411405
000000253971
000000212525
000000182867
000000496166
000000154790
000000301993
000000044372
000000094570
000000546757
000000315696
000000330040
000000235751
000000342377
000000349344
000000565648
000000554003
000000364561
000000042288
000000149500
000000426085
000000001526
000000408333
000000381017
000000530201
000000341511
000000468503
000000141807
000000211263
000000115162
000000260435
000000467062
000000213054
000000174496
000000316397
000000094813
000000525218
000000357673
000000412483
000000365530
000000390496
000000374451
000000392391
000000185838
000000164343
000000099808
000000518605
000000114917
000000044361
000000507996
000000052700
000000414289
000000410194
000000060979
000000128621
000000458604
000000136093
000000535788
000000269606
000000036741
000000213649
000000340218
000000445495
000000568614
000000572089
000000405840
000000525716
000000308507
000000338018
000000052107
000000512023
000000421889
000000335929
000000058464
000000390447
000000266376
000000501820
000000218832
000000565405
000000312718
000000404322
000000472549
000000214732
000000285332
000000320835
000000469105
000000286388
000000259417
000000098748
000000541496
000000264805
000000447877
000000557746
000000469793
000000319899
000000464515
000000351868
000000081228
000000033116
000000129192
000000348989
000000195188
000000037847
000000135806
000000408048
000000317015
000000276336
000000478490
000000521200
000000314627
000000152531
000000414982
000000443545
000000060993
000000321007
000000065943
000000352444
000000266646
000000036816
000000581481
000000136785
000000015595
000000543719
000000474600
000000248251
000000091310
000000306554
000000423804
000000487775
000000002278
000000269445
000000405214
000000133672
000000315018
000000192795
000000312694
000000078536
000000249264
000000563364
000000041342
000000389935
000000468894
000000440349
000000424381
000000457538
000000522423
000000224633
000000137395
000000163759
000000416240
000000512416
000000042818
000000497494
000000070735
000000413650
000000137056
000000099741
000000518649
000000102667
000000081127
000000256075
000000006651
000000498091
000000074428
000000406182
000000211675
000000051470
000000213408
000000435359
000000391720
000000385317
000000213288
000000314983
000000260738
000000403184
000000560969
000000257568
000000348306
000000391638
000000120197
000000007913
000000445175
000000560472
000000482858
000000280857
000000078683
000000137273
000000573753
000000140073
000000504159
000000279463
000000189127
000000574825
000000394246
000000544261
000000131215
000000558661
000000398834
000000337962
000000164899
000000472181
000000056850
000000327168
000000452195
000000343963
000000540923
000000017883
000000470513
000000131018
000000243212
000000415530
000000028874
000000124622
000000184099
000000168622
000000099245
000000307794
000000385582
000000155231
000000498156
000000344830
000000439241
000000004244
000000036726
000000213529
000000344031
000000339591
000000472922
000000374628
000000391652
000000420066
000000496907
000000479608
000000323760
000000168108
000000458166
000000448368
000000281102
000000561446
000000406171
000000191689
000000371758
000000313164
000000458705
000000433992
000000424553
000000217769
000000313724
000000231280
000000062531
000000561745
000000322394
000000380780
000000044878
000000032699
000000536999
000000434389
000000408925
000000137918
000000470298
000000359707
000000257301
000000211948
000000395318
000000173279
000000459765
000000494257
000000413841
000000558516
000000528915
000000479219
000000565286
000000158680
000000439118
000000545251
000000080231
000000275585
000000366153
000000008170
000000119199
000000490286
000000050713
000000290952
000000292283
000000433217
000000467285
000000511221
000000141673
000000270148
000000274541
000000057481
000000041940
000000075552
000000323264
000000212058
000000537090
000000574106
000000355603
000000341143
000000313812
000000291687
000000187435
000000007124
000000413572
000000224182
000000510320
000000331793
000000431184
000000205981
000000443509
000000552973
000000011402
000000173153
000000531014
000000398157
000000238332
000000338704
000000571799
000000482910
000000333461
000000006177
000000233290
000000547041
000000136565
000000366109
000000043968
000000254879
000000276420
000000175798
000000403394
000000432417
000000556722
000000087205
000000405527
000000183113
000000114061
000000098361
000000004309
000000035102
000000488156
000000145335
000000062459
000000016827
000000448034
000000010678
000000133611
000000493384
000000523412
000000179186
000000194530
000000309181
000000257215
000000406199
000000333998
000000536708
000000081704
000000063084
000000348829
000000141718
000000007307
000000534513
000000149442
000000360069
000000001183
000000277722
000000545114
000000555461
000000383267
000000215691
000000392154
000000336350
000000197690
000000514506
000000252311
000000087338
000000020459
000000355236
000000429735
000000318355
000000091056
000000492302
000000300470
000000188165
000000022461
000000357870
000000217783
000000545549
000000210528
000000444691
000000409367
000000545987
000000157341
000000544471
000000370103
000000344353
000000363645
000000212197
000000263687
000000303233
000000102210
000000241525
000000240615
000000173568
000000402326
000000412471
000000196197
000000317874
000000076295
000000360896
000000513006
000000341383
000000510676
000000082998
000000425218
000000279341
000000478874
000000187803
000000453472
000000314515
000000489834
000000502318
000000205559
000000387545
000000194545
000000309940
000000573206
000000392727
000000045582
000000436564
000000471043
000000326098
000000165770
000000553278
000000484425
000000045283
000000574760
000000026438
000000100347
000000059789
000000566975
000000472400
000000227498
000000309511
000000131937
000000041649
000000058633
000000010858
000000434145
000000452791
000000008305
000000396418
000000360231
000000144561
000000351159
000000511472
000000154060
000000150969
000000433998
000000523487
000000071015
000000129064
000000089908
000000457868
000000459575
000000095097
000000229156
000000568148
000000155107
000000386540
000000142794
000000386298
000000077936
000000032068
000000457882
000000352495
000000231679
000000471647
000000066700
000000305626
000000455422
000000367398
000000225175
000000245062
000000398174
000000471470
000000145212
000000574232
000000476553
000000291780
000000269058
000000529227
000000188002
000000031587
000000084163
000000555781
000000211707
000000228635
000000316218
000000548768
000000437034
000000105688
000000235443
000000405004
000000528938
000000434668
000000528167
000000537589
000000366316
000000220446
000000188058
000000411941
000000178410
000000240137
000000276874
000000267840
000000343880
000000569442
000000016784
000000105120
000000325505
000000354398
000000242547
000000215482
000000056988
000000345154
000000396905
000000183402
000000349530
000000238223
000000146649
000000369380
000000483795
000000092366
000000450383
000000550009
000000378007
000000469609
000000304336
000000494690
000000275668
000000181047
000000098979
000000159790
000000513771
000000534016
000000084591
000000335441
000000252863
000000093535
000000039654
000000570515
000000280623
000000450735
000000211570
000000037616
000000004286
000000395965
000000480416
000000456071
000000153573
000000161719
000000087697
000000367164
000000385259
000000078703
000000208132
000000139040
000000302242
000000256159
000000367891
000000449936
000000321262
000000123289
000000139679
000000477526
000000581813
000000534637
000000379944
000000270688
000000201069
000000196529
000000459265
000000126699
000000474437
000000575922
000000175020
000000093600
000000026799
000000275432
000000069553
000000053084
000000228647
000000352694
000000085390
000000522405
000000224537
000000548201
000000045031
000000572226
000000493740
000000522301
000000233399
000000410345
000000450478
000000560858
000000039470
000000426350
000000114348
000000549711
000000251442
000000086015
000000073790
000000370030
000000191802
000000052044
000000195649
000000523964
000000473642
000000399416
000000366822
000000109568
000000137516
000000434135
000000235245
000000034915
000000171936
000000149371
000000244839
000000281246
000000569264
000000567439
000000034847
000000514537
000000441313
000000480509
000000004880
000000174773
000000431060
000000181595
000000404475
000000532106
000000154443
000000516345
000000559463
000000174690
000000472436
000000346589
000000464271
000000217484
000000292512
000000378720
000000172404
000000575307
000000085398
000000155941
000000054254
000000231374
000000266153
000000060737
000000245582
000000349282
000000090331
000000293545
000000437711
000000168366
000000526087
000000539904
000000185571
000000072690
000000305319
000000358066
000000168453
000000185917
000000420626
000000548528
000000500271
000000084171
000000147314
000000121333
000000469803
000000300177
000000035976
000000076245
000000024787
000000366048
000000408660
000000230996
000000485288
000000459879
000000041952
000000051379
000000519529
000000451504
000000214042
000000394349
000000443916
000000560307
000000009253
000000469202
000000159320
000000290868
000000501959
000000275625
000000303855
000000178526
000000288559
000000003378
000000163068
000000473516
000000551686
000000016383
000000385770
000000231524
000000451352
000000020579
000000463477
000000121812
000000332159
000000022377
000000114185
000000020770
000000211097
000000168161
000000503535
000000339031
000000235949
000000223804
000000039406
000000249251
000000506377
000000463805
000000213351
000000347727
000000514294
000000203062
000000118785
000000390663
000000515202
000000217436
000000208000
000000511279
000000435910
000000058647
000000464555
000000462802
000000233566
000000459643
000000504948
000000249711
000000156242
000000220843
000000449990
000000378962
000000370233
000000443086
000000265080
000000268725
000000292687
000000464895
000000185623
000000532014
000000454495
000000166230
000000215987
000000510997
000000207225
000000283485
000000048895
000000208621
000000159723
000000117112
000000569543
000000196168
000000363217
000000043545
000000415153
000000512186
000000235446
000000081691
000000511358
000000338317
000000388237
000000242520
000000120380
000000063549
000000476080
000000410855
000000129610
000000285914
000000201010
000000280923
000000232279
000000516105
000000025902
000000565110
000000187914
000000308686
000000293311
000000153604
000000335500
000000244122
000000432212
000000482071
000000106243
000000229035
000000576030
000000048632
000000142570
000000163738
000000274463
000000238025
000000234577
000000160028
000000237340
000000010986
000000048034
000000579332
000000330511
000000451781
000000169803
000000403571
000000430319
000000094355
000000334400
000000250124
000000194907
000000460783
000000137666
000000081020
000000008965
000000203521
000000246725
000000358606
000000275834
000000056109
000000099104
000000005632
000000000908
000000508311
000000209610
000000274939
000000030838
000000435598
000000157921
000000432170
000000203380
000000117690
000000034482
000000107963
000000202321
000000351861
000000421560
000000421791
000000162285
000000323853
000000016458
000000121226
000000376796
000000313280
000000142637
000000168580
000000062427
000000223020
000000561875
000000167510
000000373218
000000039669
000000150703
000000502204
000000187162
000000386799
000000413699
000000126521
000000246409
000000053088
000000381384
000000177093
000000218253
000000179526
000000160106
000000429010
000000457348
000000225363
000000258674
000000346915
000000120356
000000178672
000000432138
000000010175
000000431304
000000199152
000000050927
000000145528
000000379965
000000393288
000000038709
000000000294
000000309153
000000465506
000000103361
000000004620
000000528972
000000509986
000000418517
000000503814
000000143904
000000393271
000000444346
000000436578
000000329715
000000461753
000000242615
000000243820
000000231748
000000103318
000000140730
000000099073
000000418049
000000227982
000000309279
000000353284
000000215939
000000016573
000000378670
000000133627
000000194551
000000316441
000000462023
000000258472
000000443778
000000002296
000000045770
000000039900
000000361253
000000064635
000000267586
000000170292
000000541880
000000064155
000000360698
000000436975
000000346090
000000156999
000000331447
000000176993
000000563098
000000440895
000000371910
000000050350
000000320481
000000495518
000000027157
000000437028
000000271568
000000166482
000000490701
000000029752
000000369472
000000580406
000000058928
000000393656
000000419145
000000441504
000000171413
000000081680
000000554943
000000405548
000000194097
000000029482
000000191806
000000268469
000000384269
000000455010
000000243316
000000279874
000000513944
000000525841
000000551986
