000000541687
000000534044
000000017312
000000371139
000000466484
000000578213
000000543376
000000376177
000000139336
000000110374
000000364742
000000208031
000000144162
000000143927
000000001085
000000144797
000000030932
000000173146
000000268745
000000188702
000000329494
000000347101
000000081474
000000014265
000000249807
000000334400
000000253004
000000212633
000000435632
000000479403
000000300000
000000177353
000000115158
000000023821
000000225363
000000466974
000000550481
000000430776
000000054305
000000530384
000000406841
000000407365
000000358253
000000140042
000000026438
000000396351
000000176587
000000253464
000000107641
000000537286
000000339498
000000545753
000000264461
000000131059
000000012556
000000113956
000000333626
000000522015
000000341892
000000421775
000000258155
000000275374
000000323468
000000135708
000000223174
000000257118
000000262519
000000580870
000000554114
000000007781
000000258249
000000288853
000000009673
000000490939
000000431479
000000010495
000000059462
000000464810
000000430405
000000537150
000000553850
000000357568
000000271780
000000169330
000000344703
000000461326
000000451024
000000007558
000000379136
000000338971
000000130555
000000104416
000000225055
000000253438
000000457342
000000579036
000000091715
000000451727
000000208801
000000356949
000000492993
000000278966
000000285908
000000192090
000000078117
000000208244
000000203119
000000358297
000000054194
000000209787
000000059046
000000485680
000000468169
000000523400
000000283586
000000460964
000000084183
000000467475
000000485632
000000214575
000000072595
000000182176
000000076100
000000206922
000000040735
000000549327
000000305476
000000161603
000000095875
000000192722
000000278989
000000080475
000000197809
000000489372
000000115599
000000503170
000000406152
000000518438
000000079469
000000260513
000000417455
000000193435
000000311522
000000385222
000000318467
000000010769
000000010881
000000469435
000000233888
000000472266
000000000684
000000490511
000000490055
000000070987
000000445338
000000465008
000000290511
000000436627
000000000934
000000511781
000000351577
000000575437
000000326601
000000438691
000000478314
000000480872
000000254139
000000238948
000000454854
000000333555
000000228071
000000493932
000000314833
000000325362
000000103504
000000295017
000000335539
000000179242
000000163127
000000545500
000000486009
000000267583
000000233963
000000333102
000000355555
000000313412
000000066041
000000038681
000000185941
000000021650
000000470871
000000423128
000000201186
000000036469
000000479501
000000302787
000000509538
000000497826
000000208371
000000031113
000000405007
000000201241
000000214946
000000373898
000000108859
000000282428
000000457097
000000256037
000000036460
000000106419
000000166848
000000081081
000000316727
000000187465
000000062880
000000225041
000000110484
000000207491
000000429980
000000343012
000000369823
000000199743
000000470005
000000414156
000000294104
000000231364
000000086878
000000528321
000000254712
000000074166
000000043191
000000472861
000000324261
000000412365
000000543494
000000178084
000000407346
000000234719
000000295195
000000254520
000000503212
000000547938
000000051369
000000261043
000000024002
000000496450
000000291114
000000526555
000000509986
000000251920
000000189855
000000209558
000000007517
000000078023
000000022689
000000371794
000000174987
000000541212
000000311726
000000574769
000000299381
000000220896
000000104510
000000223950
000000315808
000000221055
000000418373
000000396115
000000450378
000000419904
000000388353
000000311167
000000482819
000000494383
000000491063
000000128602
000000456217
000000496198
000000183940
000000310683
000000102348
000000112372
000000136783
000000370798
000000505113
000000349525
000000275197
000000316157
000000164178
000000078112
000000012839
000000226053
000000104403
000000232660
000000332877
000000146986
000000453547
000000122163
000000371997
000000140435
000000540186
000000155974
000000332568
000000085292
000000465926
000000337354
000000029915
000000395463
000000204448
000000384849
000000187153
000000428340
000000331334
000000060305
000000535820
000000203216
000000252990
000000134081
000000335814
000000314689
000000216357
000000027777
000000247529
000000033672
000000516738
000000158713
000000197959
000000269788
000000014321
000000454372
000000184485
000000059565
000000136487
000000580248
000000203594
000000345903
000000246478
000000008006
000000275625
000000104817
000000091681
000000495712
000000176249
000000108217
000000554346
000000230168
000000415232
000000002619
000000083005
000000504039
000000363433
000000434370
000000157341
000000255088
000000539746
000000036729
000000432508
000000008204
000000430273
000000247181
000000175943
000000054264
000000479612
000000414487
000000037857
000000298629
000000400472
000000185962
000000069978
000000417887
000000313015
000000428605
000000020972
000000161084
000000363169
000000121089
000000200946
000000195351
000000285405
000000537335
000000235741
000000333365
000000407260
000000170327
000000342342
000000210642
000000504256
000000189388
000000171002
000000051476
000000561446
000000134165
000000256766
000000411415
000000286619
000000264683
000000282566
000000469509
000000065218
000000011525
000000230232
000000575644
000000386119
000000369259
000000539478
000000294134
000000500473
000000324929
000000565257
000000241174
000000546987
000000387855
000000156999
000000151328
000000221717
000000171316
000000442506
000000340406
000000413869
000000149833
000000138370
000000016432
000000569450
000000579699
000000101766
000000154616
000000373346
000000389340
000000359149
000000253600
000000483757
000000514294
000000553984
000000334868
000000033695
000000058951
000000245857
000000222047
000000139889
000000504888
000000112289
000000336078
000000068359
000000101180
000000437432
000000392320
000000543006
000000061527
000000421791
000000409069
000000198943
000000121046
000000399542
000000514249
000000030100
000000550824
000000387792
000000261360
000000176113
000000269287
000000387153
000000102923
000000058701
000000222107
000000247680
000000027495
000000558405
000000251557
000000371531
000000150819
000000461175
000000225623
000000306972
000000370904
000000203054
000000474502
000000378147
000000275544
000000373291
000000483241
000000086393
000000157551
000000290113
000000189880
000000515202
000000147054
000000397135
000000351268
000000265412
000000008547
000000282293
000000170517
000000142342
000000397404
000000527224
000000275988
000000193481
000000040274
000000256504
000000066027
000000529840
000000159753
000000044911
000000499786
000000211968
000000120819
000000286583
000000129628
000000165609
000000429160
000000245118
000000118086
000000354235
000000574785
000000378905
000000196711
000000326592
000000117784
000000455343
000000347878
000000162578
000000104494
000000360334
000000496953
000000005785
000000158914
000000497160
000000347463
000000428698
000000228552
000000004471
000000057006
000000311771
000000245517
000000423855
000000238557
000000364139
000000537986
000000299029
000000132193
000000021795
000000432288
000000030383
000000526473
000000052037
000000297269
000000259819
000000125547
000000246246
000000578484
000000443197
000000155997
000000270696
000000355133
000000541203
000000299154
000000181054
000000409512
000000544386
000000505471
000000265635
000000290515
000000333277
000000522525
000000064121
000000231503
000000004916
000000163827
000000284307
000000548184
000000156812
000000109177
000000072728
000000410096
000000274541
000000116210
000000221787
000000543291
000000081315
000000309883
000000144717
000000455515
000000073387
000000085803
000000233395
000000243950
000000373880
000000435466
000000325063
000000203304
000000314949
000000208927
000000541532
000000327337
000000528720
000000553549
000000189095
000000186578
000000398214
000000204074
000000463222
000000466656
000000473842
000000126409
000000492037
000000214316
000000060904
000000258346
000000518108
000000546687
000000402818
000000529344
000000213207
000000463805
000000181386
000000151393
000000170630
000000343969
000000522312
000000420146
000000475593
000000080130
000000372191
000000059170
000000203796
000000579016
000000104559
000000103791
000000358796
000000201728
000000447839
000000406839
000000234244
000000307379
000000164292
000000479867
000000337422
000000344043
000000197169
000000573962
000000547318
000000425052
000000298017
000000324409
000000201318
000000368397
000000055651
000000070660
000000060213
000000551829
000000239260
000000005669
000000450478
000000207774
000000373750
000000575096
000000265161
000000009975
000000106194
000000298812
000000276719
000000061072
000000196090
000000204075
000000194532
000000349322
000000092818
000000152764
000000457100
000000278732
000000398637
000000382715
000000424340
000000399433
000000043439
000000332078
000000521808
000000032271
000000161740
000000349376
000000175210
000000279948
000000107962
000000182416
000000086215
000000541721
000000508741
000000548662
000000543201
000000011326
000000433968
000000533003
000000250424
000000088344
000000100726
000000019391
000000559619
000000503036
000000268363
000000506614
000000266715
000000174390
000000550019
000000229837
000000086839
000000024699
000000427123
000000516985
000000198788
000000251857
000000544117
000000098159
000000547752
000000286678
000000164564
000000245135
000000422350
000000301781
000000561433
000000170902
000000288824
000000261115
000000005396
000000453824
000000251476
000000069675
000000356788
000000365563
000000150044
000000557346
000000540209
000000068654
000000510012
000000316026
000000099676
000000389190
000000451818
000000266536
000000508504
000000226496
000000246248
000000340934
000000166751
000000217509
000000575199
000000245298
000000488463
000000142999
000000430369
000000384462
000000161746
000000400913
000000548863
000000000471
000000481365
000000215691
000000150040
000000292358
000000095227
000000376793
000000368589
000000315065
000000581198
000000134486
000000288841
000000460033
000000397628
000000047984
000000142080
000000215627
000000230428
000000157771
000000451119
000000071726
000000110013
000000408252
000000268372
000000204098
000000140651
000000530486
000000327047
000000010472
000000311377
000000002124
000000426532
000000348794
000000581309
000000257359
000000102057
000000055402
000000414482
000000505058
000000469777
000000528148
000000189127
000000027888
000000127042
000000325873
000000493231
000000041001
000000023315
000000231630
000000211051
000000176912
000000185475
000000413989
000000320667
000000064342
000000498601
000000387678
000000046805
000000250556
000000474246
000000447093
000000255529
000000496353
000000508881
000000271495
000000423637
000000578250
000000470711
000000218703
000000060622
000000546869
000000353709
000000150677
000000354540
000000393629
000000150258
000000180119
000000129159
000000109600
000000560784
000000384907
000000092674
000000472925
000000044825
000000571351
000000287804
000000089254
000000136445
000000478731
000000363120
000000353398
000000562745
000000463615
000000262275
000000024081
000000068159
000000328295
000000039371
000000308507
000000309024
000000557021
000000206109
000000551869
000000201409
000000373700
000000154343
000000457348
000000565310
000000500634
000000095518
000000051272
000000526521
000000214792
000000432273
000000480661
000000416117
000000313579
000000545181
000000349475
000000165697
000000435163
000000155262
000000094687
000000183012
000000265628
000000102942
000000118195
000000177977
000000029254
000000461430
000000457235
000000000081
000000348989
000000282711
000000114453
000000521379
000000311895
000000328808
000000018819
000000014683
000000116577
000000264618
000000319209
000000298382
000000529886
000000539908
000000356496
000000355629
000000093959
000000097049
000000070307
000000075216
000000399476
000000150512
000000116334
000000451767
000000081318
000000302313
000000058184
000000380557
000000336182
000000043291
000000545727
000000073327
000000127400
000000218399
000000444233
000000281102
000000034482
000000139944
000000209602
000000434415
000000216468
000000031813
000000165847
000000035774
000000439463
000000324638
000000091546
000000426303
000000411645
000000234679
000000039555
000000292962
000000183677
000000104470
000000038622
000000460575
000000418944
000000327572
000000326347
000000370980
000000064417
000000502084
000000226071
000000187647
000000307993
000000532411
000000167271
000000540868
000000525865
000000404183
000000142712
000000412301
000000144179
000000310289
000000377999
000000275413
000000246729
000000234352
000000051735
000000546690
000000359996
000000317349
000000213309
000000560436
000000571690
000000324415
000000202782
000000440298
000000319616
000000105444
000000107518
000000138921
000000127189
000000324006
000000171484
000000145116
000000473040
000000204716
000000559364
000000108210
000000511438
000000529542
000000188044
000000314708
000000465545
000000321427
000000404652
000000516404
000000485560
000000157190
000000025103
000000287554
000000438979
000000288450
000000452186
000000270500
000000025060
000000054594
000000506151
000000426408
000000281215
000000055645
000000075778
000000015811
000000510663
000000542720
000000285558
000000378765
000000302230
000000512147
000000302318
000000361739
000000274331
000000493883
000000522108
000000305380
000000191616
000000152965
000000314865
000000139590
000000006424
000000212646
000000199943
000000068290
000000158718
000000030569
000000569274
000000257416
000000027756
000000287781
000000540922
000000183642
000000201508
000000521982
000000278222
000000437789
000000239157
000000565947
000000105998
000000579822
000000307032
000000051628
000000051210
000000128152
000000236068
000000014175
000000072549
000000041875
000000259591
000000371414
000000210472
000000152774
000000451359
000000139858
000000352828
000000478006
000000149371
000000378012
000000028099
000000110230
000000268681
000000174304
000000318385
000000100517
000000563257
000000203989
000000064866
000000275793
000000132430
000000336984
000000087655
000000562930
000000575459
000000142767
000000384811
000000047451
000000237064
000000041300
000000458642
000000307161
000000262954
000000077260
000000550853
000000169962
000000018683
000000505163
000000100901
000000158044
000000117095
000000424152
000000229962
000000083476
000000539265
000000461558
000000145718
000000473082
000000121929
000000384058
000000390056
000000279373
000000417594
000000575957
000000561761
000000117471
000000528694
000000409824
000000127301
000000238915
000000284930
000000164534
000000370175
000000504747
000000199422
000000377090
000000017859
000000056701
000000139729
000000011004
000000168031
000000143758
000000581071
000000557163
000000092032
000000149449
000000575612
000000138585
000000475372
000000168927
000000195163
000000005690
000000260321
000000565716
000000209288
000000001915
000000147270
000000067936
000000554273
000000197427
000000057745
000000265916
000000013722
000000517534
000000334171
000000280857
000000240727
000000307730
000000317728
000000537395
000000488571
000000216398
000000181061
000000193547
000000547422
000000326801
000000099893
000000250897
000000172582
000000495903
000000292719
000000363217
000000010867
000000254845
000000075496
000000506418
000000533378
000000082465
000000032699
000000140585
000000151229
000000258674
000000359320
000000492114
000000392381
000000225032
000000557610
000000181782
000000504194
000000274760
000000176321
000000512438
000000003729
000000450707
000000519145
000000325950
000000188693
000000522930
000000211909
000000262514
000000302222
000000254357
000000057503
000000481868
000000329368
000000147042
000000256189
000000200234
000000527670
000000150364
000000030973
000000117179
000000255226
000000433110
000000490711
000000549725
000000551454
000000153300
000000185168
000000354517
000000427628
000000306109
000000189637
000000085173
000000355571
000000212803
000000436078
000000303685
000000522868
000000445815
000000532779
000000414624
000000213555
000000047724
000000058296
000000410855
000000219792
000000210884
000000387545
000000524110
000000468193
000000553736
000000101194
000000517958
000000526966
000000206628
000000578350
000000406514
000000070460
000000274105
000000281358
000000146676
000000290379
000000323958
000000324443
000000319364
000000503623
000000033297
000000199196
000000349709
000000556616
000000562602
000000337883
000000047936
000000521288
000000438427
000000198782
000000193925
000000325505
000000564264
000000314779
000000497593
000000480153
000000571550
000000321325
000000046099
000000062703
000000025797
000000348019
000000396896
000000382171
000000082957
000000289920
000000256565
000000286010
000000048939
000000316942
000000154794
000000311229
000000243926
000000310364
000000286009
000000394115
000000046162
000000145587
000000441900
000000160660
000000101146
000000395865
000000389401
000000552089
000000064263
000000253513
000000494584
000000093535
000000533988
000000064005
000000521620
000000358242
000000530952
000000550532
000000155861
000000167033
000000266504
000000385705
000000561102
000000525285
000000029153
000000542407
000000335815
000000580390
000000551206
000000285579
000000047909
000000131557
000000069512
000000135250
000000177284
000000338012
000000398148
000000277729
000000259137
000000557197
000000558449
000000259040
000000401766
000000139712
000000364937
000000422657
000000049673
000000552199
000000554756
000000451896
000000252544
000000477005
000000549612
000000194598
000000011619
000000468826
000000357649
000000560525
000000106397
000000571572
000000306630
000000107638
000000549720
000000315415
000000294912
000000206255
000000143756
000000350505
000000137514
000000563870
000000110090
000000404222
000000234251
000000391367
000000324116
000000062770
000000036973
000000244368
000000560898
000000137185
000000465683
000000481828
000000326313
000000412326
000000317534
000000575933
000000343157
000000016735
000000423632
000000321394
000000234296
000000171581
000000147122
000000569841
000000401735
000000408829
000000531684
000000572477
000000063079
000000048451
000000156974
000000075723
000000254138
000000577653
000000054607
000000132776
000000033909
000000557187
000000117677
000000388658
000000072052
000000338562
000000280228
000000270686
000000151848
000000414715
000000174421
000000101110
000000253763
000000194510
000000114894
000000420422
000000012333
000000341230
000000083125
000000236182
000000237271
000000082787
000000307668
000000272217
000000327481
000000020268
000000276854
000000107960
000000440354
000000485019
000000100329
000000317480
000000556903
000000360617
000000554564
000000188585
000000090232
000000179155
000000211384
000000203867
000000365739
000000371438
000000021330
000000469807
000000350485
000000264961
000000438060
000000205650
000000483788
000000006197
000000540203
000000283766
000000038090
000000101567
000000418927
000000227218
000000354218
000000052518
000000473888
000000180593
000000530201
000000266336
000000285132
000000102246
000000057454
000000511070
000000476904
000000270247
000000270179
000000315863
000000485876
000000066087
000000210296
000000524957
000000149414
000000184994
000000141586
000000546934
000000048658
000000206620
000000038026
000000034915
000000045468
000000142129
000000055601
000000353301
000000338169
000000224000
000000350724
000000047627
000000299357
000000212011
000000410627
000000574413
000000428091
000000574304
000000377282
000000577877
000000436511
000000567278
000000296205
000000330403
000000340665
000000179408
000000254879
000000091617
000000140785
000000144530
000000214489
000000313057
000000224395
000000396150
000000571427
000000079069
000000047230
000000173315
000000119210
000000527816
000000453299
000000458461
000000050972
000000425201
000000294346
000000398580
000000534633
000000217312
000000327338
000000253730
000000416862
000000270818
000000516417
000000026348
000000012108
000000157581
000000521667
000000211560
000000380304
000000385796
000000432906
000000223184
000000429437
000000305278
000000101738
000000494998
000000256278
000000146656
000000383967
000000022240
000000369796
000000055478
000000575469
000000264699
000000337796
000000019451
000000436619
000000430681
000000556145
000000557254
000000572734
000000443086
000000124397
000000074554
000000513056
000000121615
000000461477
000000354202
000000177832
000000526850
000000047093
000000286061
000000237942
000000228953
000000579629
000000496411
000000201190
000000025481
000000412151
000000467297
000000513606
000000299780
000000402335
000000359701
000000354075
000000226795
000000391436
000000397045
000000173490
000000094952
000000040286
000000090867
000000550540
000000336503
000000115667
000000470893
000000207739
000000067126
000000541478
000000380416
000000105134
000000300445
000000188009
000000334939
000000486178
000000178407
000000065353
000000125286
000000171762
000000178770
000000181857
000000285376
000000170035
000000074787
000000356648
000000458856
000000456569
000000523114
000000115119
000000211326
000000018802
000000530367
000000488747
000000393422
000000521416
000000216320
000000042683
000000081307
000000411941
000000367268
000000372303
000000093444
000000122563
000000129187
000000098590
000000083953
000000132494
000000380932
000000248364
000000013921
000000244784
000000192406
000000336063
000000169198
000000005700
000000000681
000000016963
000000111636
000000572180
000000136718
000000063370
000000005011
000000491241
000000544983
000000508822
000000338407
000000576247
000000335336
000000307803
000000406187
000000023298
000000310092
000000501031
000000062716
000000473797
000000531474
000000348669
000000193647
000000327770
000000027285
000000226517
000000163897
000000363387
000000245528
000000202681
000000562113
000000159072
000000189278
000000445982
000000240439
000000356478
000000049327
000000373970
000000483135
000000078410
000000035642
000000237286
000000458804
000000544371
